Template: NONE
CeilingDrips: 0.1413043
Clouds: 0.7173913
Grime: 0
RandomItemDensity: 0.8695652
RandomItemSpearChance: 0.3304347
Palette: 37
EffectColorA: 9
EffectColorB: 9
Effects: Fog-1-20-20, Desaturation-0.4565217-358-201, Dustpuffs-1-234-129, LightBurn-0.5434783-651-429, SkyBloom-0.5108696-274-317, DayNight-1-509-83, Coldness-1-257-69, LightRain-0-24-63, SkyAndLightBloom-0.3478261-324-0, FairyParticles-0.25-569-349, 
PlacedObjects: LightSource><486.5769><326.0654><0.3043478~EffectColor1~-108~-51~50~86.60254~0~0~None~0~0, LightSource><2646.318><316.5829><0.3043478~EffectColor1~1~165~50~86.60254~0~0~None~0~0, LightSource><1554.743><206.4499><0.4891304~EffectColor2~1~238~50~86.60254~0~0~None~0~0, DayNightSettings><1440.322><308.6866><-127~51.66025~19~10, LightBeam><965.3627><-45.16522><90~775~169~767~115~0~13~215~0.4~0~0~1~None~0~1, LightBeam><1925.185><-38.57526><38~775~170~776~103~-8~-337~17~0.4~0~0~1~None~0~1, LightBeam><2190.102><-35.38483><-57~768~19~764~78~-5~0~0~0.4~0~0~1~None~0~1, LightBeam><3016.338><-37.86731><85~762~125~768~99~0~0~0~0.4~0~0~1~None~0~1, LightBeam><-32.07227><-50.34174><-34~768~46~767~89~0~0~0~0.4~0~0~1~None~0~1, FairyParticleSettings><1324.832><90.14259><-63~210.6602~0~1~1~0~1.716524~4.224423~461.9565~500~1000~1000~5~22.17399~160.4348~180~0.5~0.7~0~0~1~1~1~0.2282609~6.791306~Dandelion~SIN_IO~SIN_IO~0~0~2.391304, SnowSource><1550.261><201.3003><Strip~207~4~-312~13.60254~0.6413044~0, SnowSource><1539.133><329.1002><None~583~-316~50~86.60254~0.3804348~0.5, SnowSource><479.9493><313.9435><None~-641~-41~81~-63.39746~0.3804348~0.5, SnowSource><-114.6368><131.1459><Radial~-48~161~50~86.60254~0.3695652~0.5, SnowSource><2646.897><296.1715><None~-580~-66~-316~83.60254~0.3804348~0.5, MultiplayerItem><1419.624><580.0928><Spear~-26.67949~-183~0.7826087, MultiplayerItem><1697.186><555.426><Spear~-26.67949~16~0.6521741, MultiplayerItem><1437.278><229.698><Spear~17.32051~-10~0.8695652, MultiplayerItem><1846.308><237.8086><Bomb~17.32051~-10~0.5, MultiplayerItem><2481.677><234.4077><Spear~17.32051~-10~0.7065217, MultiplayerItem><2656.696><551.7892><Spear~17.32051~-10~0.8152175, MultiplayerItem><2433.449><585.015><Spear~17.32051~-10~0.6847826, MultiplayerItem><2847.3><264.2492><Spear~17.32051~-10~0.6847826, MultiplayerItem><267.9427><261.5536><Spear~17.32051~-10~0.7717391, MultiplayerItem><603.5519><230.7774><Spear~17.32051~-10~0.8913043, MultiplayerItem><333.3434><551.4269><Spear~17.32051~-10~0.8043478, MultiplayerItem><266.6246><584.4064><Spear~17.32051~-10~0.8043478, MultiplayerItem><164.5522><546.7203><ExplosiveSpear~17.32051~-10~0.1086956, MultiplayerItem><177.7797><235.8022><Bomb~17.32051~-10~0.2717391, 
AmbientSounds: OMNI><SO_ENV-StrongWnd.ogg><642.5407><127.0542><0><1, OMNI><AM_WIN-HowlingWnd.ogg><584.0502><527.7585><0.2282609><0.4913043, OMNI><MSC-RitualMetal.ogg><488.8973><252.1716><0.07608695><0.6673913, OMNI><MSC-MetalVariety.ogg><673.5598><243.5618><0.0326087><1, OMNI><MSC-HeavyCreaking.ogg><696.0006><364.55><0><1, OMNI><MSC-LowGroans.ogg><401.9897><378.0503><0.07608695><1, OMNI><AM_ENV-WinterHum.ogg><543.6323><426.0883><0.1086956><1, OMNI><AM_WIN_Hilltop.ogg><709.9561><456.8049><0.2065217><0.6869565, 
