Template: NONE
Grime: 0.1521739
RandomItemDensity: 0.8043478
RandomItemSpearChance: 0.4934782
Palette: 12
EffectColorA: 19
EffectColorB: 3
Effects: Fog-0.3043478-638-191, Flies-0.4130435-516-26, 
PlacedObjects: LightSource><185.9244><171.6852><0.4130435~Environment~-36~171~50~86.60254~1~0~None~0~0, LightSource><651.6314><332.3492><0.1521739~EffectColor1~-40~102~-571~-340.3975~1~0~None~0~0, LightSource><750.3844><351.5868><0.173913~EffectColor1~0~100~-500~-410.3975~1~0~None~0~0, LightSource><570.8623><391.6049><0.1630435~EffectColor1~0~100~-474~-456.3975~1~0~None~0~0, LightSource><3.550781><103.2321><0.1521739~EffectColor1~0~100~50~86.60254~1~1~None~0~0, LightSource><832.9733><-10.05179><0.3152174~Environment~50~167~50~86.60254~1~0~None~0~0, LightSource><481.0465><-19.80548><0.25~Environment~-101~206~50~86.60254~1~0~None~0~0, CustomDecal><827.6937><335.9503><-28~151~328~183~350~-40~205~-487~0.6630435~1~0~CrudeGrey~0.2282609~0.6630435~1~0.6630435~1~0.6630435~0.75~0.6630435, CustomDecal><316.3358><387.1143><3~122~-289~149~-289~45~368~-618~0.5434783~1~0~JellyFish~0.1195652~0~0.1195652~0.8260869~0.3369565~0.6630435~0.3586957~0.6195652, CustomDecal><759.3074><496.9461><-15~97~262~141~274~21~-636~-712~0~1~0~GreyBubbly~0.5434783~0~0.6195652~1~0.423913~0.3913043~0.3586957~0.7826087, LightBeam><366.1582><326.3723><-380~405~114~409~578~197~116~-152~0.3673912~0~0~1~None~0~0, LightSource><1240.832><633.6083><0.1630435~Environment~-128~-95~-336~-72.39746~1~0~None~0~0, MultiplayerItem><136.587><450.384><Bomb~16.32051~44~0.2173913, MultiplayerItem><226.8716><308.3466><ExplosiveSpear~-73.6795~209~0.2826087, MultiplayerItem><365.3484><134.5759><Spear~17.32051~-10~0.7826087, MultiplayerItem><163.4396><132.8136><Spear~17.32051~-10~0.7608696, MultiplayerItem><1059.346><218.628><Spear~-8.679565~20~0.7826087, MultiplayerItem><1009.662><94.07027><Spear~17.32051~-10~1, MultiplayerItem><1143.651><409.3814><Spear~17.32051~-10~0.3804348, 
FadePalette: 35, 0.75
