Template: NONE
Clouds: 0.1086956
Grime: 0
RandomItemDensity: 0.8913044
RandomItemSpearChance: 0.373913
Palette: 37
EffectColorA: 13
EffectColorB: 5
PlacedObjects: LightSource><1721.864><428.9145><1~Environment~-384~134~50~86.60254~0~0~None~0~0, LightSource><3400.606><376.1801><0.7065217~Environment~212~214~50~86.60254~1~0~None~0~0, LightSource><3737.849><288.0764><0.5652174~Environment~-153~220~50~86.60254~1~0~None~0~0, CustomDecal><1979.054><58.4614><-165~680~1162~677~842~-88~-96~74~0~1~0.7173913~Rust2~0.4782609~1~0.4782609~1~0.4782609~1~0.4782609~1, Corruption><2411.362><191.9158><-11~94, CustomDecal><1872.139><911.7744><-381~514~1550~547~1262~-34~664~-108~0~1~0.7391304~Rust3~0.7065217~1~0.7065217~1~0.7065217~1~0.7065217~1, MultiplayerItem><3309.2><521.4911><Spear~17.32051~-10~0.7934783, MultiplayerItem><2396.327><223.3503><ExplosiveSpear~-150.6795~54~0.6304348, MultiplayerItem><2760.564><593.3105><Spear~17.32051~-10~0.6630435, ReliableSpear><2562.49><205.6997><, MultiplayerItem><2244.274><198.4486><Spear~17.32051~-10~0.6521739, 
AmbientSounds: OMNI><AM_WIN-SubWnd.ogg><744.3594><488.6423><0.2717391><1, OMNI><AM_WIN-WndTone.ogg><731.5759><567.0985><0.2065217><1, OMNI><AM_WIN_Hilltop.ogg><745.5511><411.4792><0.1847826><1, OMNI><Basic Mech.ogg><745.163><335.8199><0.173913><1, OMNI><MSC-StructureStrain.ogg><751.5524><246.693><0.07608695><1, OMNI><SO_WAT-OpenFlow.ogg><759.2794><171.3022><0.1630435><1, OMNI><AM_IND-SuperStructure.ogg><713.95><653.7447><0.1630435><1, OMNI><AM_SUB-BlankState.ogg><776.9301><56.33688><0.1195652><1, OMNI><SO_SFX-Drowning.ogg><555.45><545.5049><0.08695652><1, OMNI><SO_SFX-Escape.ogg><561.8652><466.8978><0.08695652><1, OMNI><SO_SFX-Corrosion.ogg><563.5538><389.2889><0.2608696><1, OMNI><SO_SFX-Heartbeat1.ogg><566.4036><306.122><0.1956522><1, SPOT><SO_SFX-Heartbeat2.ogg><556.1459><116.8868><0.3586957><1><2385.146><205.8868><-241.3553><140.6447><0><0.4369566, SPOT><Mech Multiactive Highpass.wav><248.6138><339.0855><0.1521739><1><2236.614><1219.085><-344.3553><-258.3553><0><0.3826088, SPOT><AM_WIN-HowlingWnd.ogg><898.717><277.5527><0.1413043><1><2807.717><1207.552><-488.3553><-118.3553><0><0.4804349, 
FadePalette: 19, 1, 1, 0.6739131, 0.7065217, 0.6847826, 0.6413044, 0.5978261, 0.8478261
