Template: NONE
Clouds: 0
Grime: 0.1956522
Palette: 15
EffectColorA: 18
EffectColorB: 7
Effects: Fog-0.4347826-758-505, Flies-0.1195652-394-338, Ant-0.8478261-383-241, 
PlacedObjects: LightSource><355.9485><408.5247><0.9239131~EffectColor1~-204~164~-148~-482.3975~1~0~None~0~0, LightSource><966.5668><198.9199><0.3043478~Environment~-120~125~-773~244.6026~1~0~None~0~0, LightSource><897.5707><526.9114><0.3043478~Environment~-131~142~50~86.60254~1~0~None~0~0, LightSource><705.6362><227.1645><0.3043478~Environment~-164~89~-336~-283.3975~1~0~None~0~0, LightBeam><900.6923><225.445><-126~510~10~511~183~-9~-630~-274~0.4108701~0~0~1~None~0~0, LightBeam><758.4655><176.697><-243~558~-97~559~155~2~292.0001~40~0.3999999~0~0~1~None~0~0, LightBeam><372.351><262.3666><-248~471~229~474~395~-32~686.0001~-207~0.3999999~0~0~1~None~0~0, LightSource><67.4494><356.5156><0.1413043~Environment~221~44~-231~-123.3975~1~0~None~0~0, LightSource><1304.448><375.7802><0.1521739~Environment~-145~108~50~86.60254~1~0~None~0~0, CustomDecal><1073.165><167.3192><-18~239~308~236~307~-16~-1271~-266~0.2934783~1~0~GhostSplash~0.08695652~0.4130435~0.3695652~0.1304348~0.3695652~0.4021739~0.5326087~0.2717391, CustomDecal><552.4481><193.5276><-16~410~716~391~738~-24~-769~-167~0.6521739~1~0~Full Wall~0.2934783~0~0.3586957~0~0.1521739~0~0.7065217~0, CustomDecal><11.32394><273.4052><-26~219~310~247~303~-32~-202~95~0.6847826~0.8369565~0~Fat Tag~0.2826087~0.8913044~0.09782609~0~0.3478261~0~0.7282609~0.5326087, MultiplayerItem><223.148><232.8845><Spear~199.3205~93~0.7173913, MultiplayerItem><489.4452><468.0434><Spear~17.32051~-10~0.5543478, MultiplayerItem><852.3087><589.3084><Bomb~17.32051~-10~0.5543475, MultiplayerItem><393.2119><109.3037><Spear~17.32051~-10~0.6739131, MultiplayerItem><797.4594><99.44583><Spear~-2.679504~-69~0.4456515, MultiplayerItem><133.2316><588.4492><ExplosiveSpear~17.32051~-10~0.4347826, MultiplayerItem><651.0768><425.5653><Spear~17.32051~-10~0.5978261, MultiplayerItem><330.0286><172.948><Rock~17.32051~-10~0.6413044, MultiplayerItem><712.8254><108.0975><Rock~17.32051~-10~0.7391304, MultiplayerItem><185.1229><231.4044><Rock~17.32051~-10~0.6956522, 
FadePalette: 35, 0.7282609
